784313184 979585197
1602330087 2074386801
305218757 1535421548
2046223702 2099887859
501270405 850526190
2086166019 228150954
1288820551 1334011564
1035712684 1220943208
1686382071 699282802
2074992765 851113750
958594607 694211965
1925516131 1233815874
733407976 1134938586
1291883151 1500993354
870633595 942132445
1304313350 1654946779
1921717642 759159789
1581849932 79452751
147097689 1480589986
31856963 648368095
183632528 2118022982
876519049 1472453080
1304550898 1912231733
545912640 843449321
464030887 473421757
1694563072 1422625495
1167633722 1472595555
508957721 1901041698
460050493 1800840872
1254551405 1330684088
595489670 411381107
838147219 369723664
1170540896 272513503
449176416 1317638585
1753103489 481033379
1966006680 1936736018
451572713 695042081
1261705450 1756123612
459790166 1807618090
452089285 923821054
133556200 2146652357
198962901 1301189922
1471764265 707920622
1054747973 1931814758
361277846 161815730
1115015199 956767516
573196837 1953162418
1326491181 1743737733
78192274 1775667597
913892670 1831295763
109217328 732415703
1620548133 560790041
1427457784 734769935
169430005 1887247951
394904378 621519291
663585357 528460578
620688000 862548258
1829650500 2092452265
1570468880 736914825
1876783376 1931746726
898730555 844314927
741030595 1471927392
649993697 2067521776
1068181477 728185971
1695705725 1982074148
411998087 1804923053
567006203 2032546220
218229446 1994463987
619832508 387659452
1734228290 1014736886
1009178743 250329999
1543197464 1629866743
1112878257 1225364316
1574835361 535863489
1962279142 1304135089
320126568 713526049
966368 1061157163
37969794 650960065
981195291 1106151271
1379146037 529417368
940741771 1791144124
186856773 1507747974
1676206696 405086219
1354728314 148555556
792745671 941472956
1163292442 1801924414
1191802956 559006258
1284307510 157197565
1784370575 711659223
693061055 1599166069
2015794312 1013187623
165208470 2016760680
2074344786 203178264
520237097 908056429
1309329536 1899383134
1437473797 102587659
1543043610 1624330570
1610335634 1071766659
2029416789 817580300
1220322215 674678813
